24 16 1 R
L 22 15 1 15 3
L 10 0 1 37 3
L 21 8 1 48 3
L 23 13 1 59 3
L 5 14 1 70 3
L 8 13 1 81 3
L 12 5 1 103 3
W 9 12 1 7 9
W 1 1 1 18 9
W 8 15 1 40 9
W 21 2 1 51 9
W 12 9 1 73 9
W 5 3 1 84 9
W 2 14 1 106 9
W 0 1 1 117 9
H 1 8 1 1 5 0
C 15 14 1 3 11
A 18 7 1 13 4
C 13 5 1 14 11
O 0 12 1 16 4
A 7 4 1 24 4
C 0 8 1 25 11
A 19 13 1 35 4
C 17 11 1 36 11
A 9 8 1 46 4
C 14 13 1 47 11
O 6 0 1 49 4
A 16 10 1 57 4
C 1 11 1 58 11
O 16 14 1 60 4
A 19 10 1 68 4
C 11 7 1 69 11
A 2 9 1 79 4
C 15 0 1 80 11
O 22 3 1 82 4
A 18 13 1 90 4
C 7 1 1 91 14
A 13 13 1 101 4
C 4 8 1 102 11
A 2 5 1 112 4
C 0 10 1 113 11
O 9 14 1 115 4
Z 7 14 1 6 2
Z 15 5 1 17 2
Z 13 1 1 28 2
Z 14 15 1 50 2
Z 17 4 1 61 2
Z 23 10 1 72 2
Z 23 4 1 83 2
Z 9 11 1 94 2
Z 13 11 1 116 2
t 22 14 1 10 0
g 17 15 1 11 0
b 10 4 2 12 13
m 18 5 1 20 0
t 4 0 1 21 0
g 22 10 1 22 0
b 20 5 2 23 10
j 21 0 1 30 99
t 8 9 1 32 0
g 8 14 1 33 0
j 6 13 1 41 99
m 15 6 1 42 0
t 14 10 1 43 0
g 17 7 1 44 0
j 3 0 1 52 99
m 20 0 1 53 0
t 2 7 1 54 0
g 23 9 1 55 0
b 3 2 2 56 10
m 3 11 1 64 0
t 10 13 1 65 0
g 22 11 1 66 0
m 12 15 1 75 0
j 15 1 1 85 99
g 19 10 1 88 0
m 3 10 1 97 0
t 16 1 1 98 0
m 5 8 1 108 0
g 9 7 1 110 0
j 15 10 1 118 99
g 22 0 1 121 0
b 11 3 2 122 10
